initial solution : 



[6.3, 2.63, -6.05, -9.29]
[0.37, 7.81, 4.75, -2.59]
[7.57, -7.88, 3.09, 3.15]
[8.12, -8.95, 2.17, 0.86]
[-3.98, 7.14, -7.73, -4.91]


mutated solution : 



[0.0, 0.0, 0.0, 0.0]
[0.0, 0.0, 0.0, 0.0]
[0.0, 0.0, 0.0, 0.0]
[0.0, 0.0, 0.0, 0.0]
[0.0, 0.0, 0.0, 0.0]
selected columns 1 2 3


[[ 2.63]
 [ 7.81]
 [-7.88]
 [-8.95]
 [ 7.14]]


[[-6.05]
 [ 4.75]
 [ 3.09]
 [ 2.17]
 [-7.73]]


[[-9.29]
 [-2.59]
 [ 3.15]
 [ 0.86]
 [-4.91]]
Vector 1:
 [[ 2.63]
 [ 7.81]
 [-7.88]
 [-8.95]
 [ 7.14]] 
Vector 2:
 [[-6.05]
 [ 4.75]
 [ 3.09]
 [ 2.17]
 [-7.73]] 
Vector 3:
 [[-9.29]
 [-2.59]
 [ 3.15]
 [ 0.86]
 [-4.91]] 

donor vector at position : 0


[[ 5.546]
 [14.416]
 [-7.934]
 [-7.771]
 [ 4.602]]
selected columns 0 2 3


[[ 6.3 ]
 [ 0.37]
 [ 7.57]
 [ 8.12]
 [-3.98]]


[[-6.05]
 [ 4.75]
 [ 3.09]
 [ 2.17]
 [-7.73]]


[[-9.29]
 [-2.59]
 [ 3.15]
 [ 0.86]
 [-4.91]]
Vector 1:
 [[ 6.3 ]
 [ 0.37]
 [ 7.57]
 [ 8.12]
 [-3.98]] 
Vector 2:
 [[-6.05]
 [ 4.75]
 [ 3.09]
 [ 2.17]
 [-7.73]] 
Vector 3:
 [[-9.29]
 [-2.59]
 [ 3.15]
 [ 0.86]
 [-4.91]] 

donor vector at position : 1


[[ 9.216]
 [ 6.976]
 [ 7.516]
 [ 9.299]
 [-6.518]]
selected columns 0 1 3


[[ 6.3 ]
 [ 0.37]
 [ 7.57]
 [ 8.12]
 [-3.98]]


[[ 2.63]
 [ 7.81]
 [-7.88]
 [-8.95]
 [ 7.14]]


[[-9.29]
 [-2.59]
 [ 3.15]
 [ 0.86]
 [-4.91]]
Vector 1:
 [[ 6.3 ]
 [ 0.37]
 [ 7.57]
 [ 8.12]
 [-3.98]] 
Vector 2:
 [[ 2.63]
 [ 7.81]
 [-7.88]
 [-8.95]
 [ 7.14]] 
Vector 3:
 [[-9.29]
 [-2.59]
 [ 3.15]
 [ 0.86]
 [-4.91]] 

donor vector at position : 2


[[17.028]
 [ 9.73 ]
 [-2.357]
 [-0.709]
 [ 6.865]]
selected columns 0 1 2


[[ 6.3 ]
 [ 0.37]
 [ 7.57]
 [ 8.12]
 [-3.98]]


[[ 2.63]
 [ 7.81]
 [-7.88]
 [-8.95]
 [ 7.14]]


[[-6.05]
 [ 4.75]
 [ 3.09]
 [ 2.17]
 [-7.73]]
Vector 1:
 [[ 6.3 ]
 [ 0.37]
 [ 7.57]
 [ 8.12]
 [-3.98]] 
Vector 2:
 [[ 2.63]
 [ 7.81]
 [-7.88]
 [-8.95]
 [ 7.14]] 
Vector 3:
 [[-6.05]
 [ 4.75]
 [ 3.09]
 [ 2.17]
 [-7.73]] 

donor vector at position : 3


[[14.112]
 [ 3.124]
 [-2.303]
 [-1.888]
 [ 9.403]]
initial solution : 



[6.3, 2.63, -6.05, -9.29]


[0.37, 7.81, 4.75, -2.59]


[7.57, -7.88, 3.09, 3.15]


[8.12, -8.95, 2.17, 0.86]


[-3.98, 7.14, -7.73, -4.91]


mutated solution filled : 



[ 5.546  9.216 17.028 14.112]


[14.416  6.976  9.73   3.124]


[-7.934  7.516 -2.357 -2.303]


[-7.771  9.299 -0.709 -1.888]


[ 4.602 -6.518  6.865  9.403]


Cross over  : 

--------------------------------------------------------------------------------

Cross over solution filled : 



[ 6.3   2.63 -6.05 -9.29]
[0.37  7.81  9.73  3.124]
[-7.934  7.516  3.09   3.15 ]
[ 8.12  -8.95   2.17  -1.888]
[ 4.602  7.14  -7.73  -4.91 ]
mutated solution filled : 

[ 5.546  9.216 17.028 14.112]


[14.416  6.976  9.73   3.124]


[-7.934  7.516 -2.357 -2.303]


[-7.771  9.299 -0.709 -1.888]


[ 4.602 -6.518  6.865  9.403]


initial solution : 

[6.3, 2.63, -6.05, -9.29]


[0.37, 7.81, 4.75, -2.59]


[7.57, -7.88, 3.09, 3.15]


[8.12, -8.95, 2.17, 0.86]


[-3.98, 7.14, -7.73, -4.91]


Selection: 

--------------------------------------------------------------------------------

[ 6.3   2.63 -6.05 -9.29]


[ 0.37  7.81  4.75 -2.59]


[7.57  7.516 3.09  3.15 ]


[ 8.12 -8.95  2.17  0.86]


[-3.98  7.14 -7.73 -4.91]


